eval_loss = 0.09422292927533991
eval_precision = 0.9463664956133091
eval_recall = 0.941845140032949
eval_f1 = 0.9441004045908679
epoch = 3.0
